10 0.007516373137873698
13 0.007516373137873698
32 0.14287546434638193
34 2.994173338682923E-7
40 2.994173338682923E-7
41 2.994173338682923E-7
44 0.005026218977869068
45 2.1957271150341437E-6
46 0.008775922055679649
48 0.0012523629017931106
49 0.0012520634844592423
50 0.00125186387290333
51 0.0012521632902371986
53 2.994173338682923E-7
54 2.994173338682923E-7
55 3.9922311182438975E-7
56 9.980577795609744E-8
57 0.0012515644555694619
58 8.982520016048769E-7
63 3.9922311182438975E-7
65 6.98640445692682E-7
68 9.980577795609744E-8
73 9.980577795609744E-8
77 9.980577795609744E-8
78 2.994173338682923E-7
80 1.9961155591219488E-7
82 1.9961155591219488E-7
84 2.994173338682923E-7
87 9.980577795609744E-8
88 2.994173338682923E-7
97 3.9922311182438975E-7
99 2.994173338682923E-7
100 4.990288897804872E-7
101 2.095921337078046E-6
102 1.9961155591219488E-7
103 1.9961155591219488E-7
105 5.988346677365846E-7
108 1.2974751134292667E-6
110 2.994173338682923E-7
111 4.990288897804872E-7
112 1.397280891385364E-6
114 3.9922311182438975E-7
115 5.988346677365846E-7
116 9.980577795609744E-8
118 9.980577795609744E-8
119 9.980577795609744E-8
120 1.9961155591219488E-7
171 1.0978635575170718E-6
187 1.0978635575170718E-6
1040 1.9961155591219488E-7
1041 3.9922311182438975E-7
1042 0.0012532611537947155
1043 2.994173338682923E-7
1044 6.98640445692682E-7
1045 0.00250372774580666
1046 2.994173338682923E-7
1047 9.980577795609744E-8
1048 1.8963097811658513E-6
1050 8.982520016048769E-7
1051 3.9922311182438975E-7
1052 1.9961155591219487E-6
1053 1.6966982252536563E-6
1054 0.008762348469877619
1055 0.0012533609595726718
1056 1.9961155591219488E-7
1057 0.001252762124904935
1058 1.2974751134292667E-6
1059 0.0012517640671253739
1063 9.980577795609744E-8
1069 9.980577795609743E-7
1071 1.4970866693414615E-6
1072 0.06389615807638337
1073 0.011281745722823385
1074 0.045092250480564824
1075 0.00752475682322201
1076 0.015047018501995116
1077 0.08644348098600124
1078 0.012527521443271392
1079 0.01002878398636254
1080 0.08016749405656591
1081 0.017532481790435813
1082 0.015047517530884897
1083 0.037596836556061906
1084 0.025066420745229783
1085 0.048870298399314935
1086 0.07020068945831412
1087 0.015042726853543006
1088 0.04884554656638183
1089 0.04260119806855859
1090 0.04387012872949241
1091 0.01254169386374116
1092 0.0012536603769065398
1093 0.011269669223690697
1094 0.007512081489421586
1095 0.017542961397121203
1096 0.006265906545861752
1097 0.002506622113367387
1099 0.013785273857074135
1100 0.011287833875278708
1101 3.692813784375605E-6
1102 0.0075169719725414344
1103 0.01879871769536482
8211 3.2935906725512153E-6
8230 1.9961155591219488E-7
