10 0.009268909397937062
13 0.009268909397937062
32 0.15111096508510616
39 1.8253250618728154E-7
40 4.311113575299944E-4
41 3.23341123668587E-4
44 0.017353502262604497
45 5.389424355601311E-4
46 0.011963378199062801
48 7.605521091136732E-8
49 2.1567736710245545E-4
50 1.0777023386140747E-4
51 3.0422084364546926E-8
52 1.078158669879543E-4
53 6.084416872909385E-8
54 4.5633126546820386E-8
55 3.0422084364546926E-8
56 1.5211042182273463E-8
57 3.0422084364546926E-8
58 1.0777023386140747E-4
59 1.0778544490358974E-4
63 1.0798318845195932E-4
73 8.621618708912598E-4
86 4.310809354456299E-4
171 4.5633126546820386E-8
187 4.5633126546820386E-8
1030 8.621618708912598E-4
1031 1.0777023386140747E-4
1040 3.233715457529515E-4
1041 0.0024787458008967366
1042 0.0024788370671498298
1043 1.0777023386140747E-4
1044 7.544068480720346E-4
1046 3.0422084364546926E-8
1047 0.001832200452939203
1050 2.155556787649972E-4
1051 1.0777023386140747E-4
1052 0.004741996767197205
1053 5.390032797288601E-4
1054 2.155556787649972E-4
1055 9.700537930901255E-4
1056 3.233259126264047E-4
1057 6.467887246324499E-4
1058 0.0038797892631793982
1059 3.233259126264047E-4
1060 1.0777023386140747E-4
1061 3.0422084364546926E-8
1062 4.310961464878122E-4
1063 1.5211042182273463E-8
1065 1.0783107803013657E-4
1070 3.2331070158422246E-4
1071 7.605521091136732E-8
1072 0.07188987996434226
1073 0.01336506052511712
1074 0.05022603988958913
1075 0.016274491774362746
1076 0.029207817289220398
1077 0.025761740471784162
1078 0.005066052809848359
1079 0.019723854176910353
1080 0.06240390899446417
1081 0.011963347776978437
1082 0.0255449526986024
1083 0.03405851216385213
1084 0.02392791243733146
1085 0.042143470093531935
1086 0.0797579892766716
1087 0.021232972093898066
1088 0.037722578426802524
1089 0.031041249836576364
1090 0.03298233092945628
1091 0.028130905924799804
1092 9.126625309364077E-8
1093 0.008945507430099748
1094 0.004850238543366263
1095 0.006575003405372069
1096 0.004311524273438867
1097 0.005604569336227386
1100 0.013041901933954719
1102 0.005928001726149067
1103 0.017999880289098026
1108 0.003449134236914872
1110 0.03643075024738859
1111 0.004742589997842313
8212 0.0014016823260543172
8217 2.1554046772281495E-4
8230 1.5211042182273463E-8
8470 1.5211042182273463E-8
