10 0.0071243580737638855
13 0.0071243580737638855
32 0.17635705833706758
33 0.005005111169811208
42 1.3282234364029184E-7
44 0.017713519803728425
45 0.0017327670895453376
46 0.013284824399730171
58 0.002888421095973607
63 0.0021174870078994427
1025 3.8501876862729597E-4
1030 1.9315689323889444E-4
1040 0.006160665559481747
1041 7.699711260827719E-4
1042 0.0013476819097462214
1043 0.004812385949189145
1044 9.626299355330152E-4
1045 3.320558591007296E-8
1047 6.641117182014592E-8
1050 9.62530318775285E-4
1052 5.776111669057193E-4
1053 0.0019253594878237607
1055 0.0021177194470008136
1056 3.320558591007296E-8
1057 5.776111669057193E-4
1058 9.628955802202958E-4
1059 5.776111669057193E-4
1061 3.8498556304138594E-4
1062 1.9259239827842318E-4
1063 1.9249278152069297E-4
1064 1.9249278152069297E-4
1069 1.9249278152069297E-4
1071 0.0013476819097462214
1072 0.11494249705673988
1073 0.015209851831694831
1074 0.02560486050084317
1075 0.010973981265076373
1076 0.031190006845331537
1077 0.03542567817843453
1078 0.012129270010059633
1079 0.024066777761488595
1081 0.007702002446255515
1082 0.03311466901585119
1083 0.034268297481538944
1084 0.013670108813044748
1085 0.028688397619624367
1086 0.03619295965205859
1087 0.011360295051554163
1088 0.027337760412732146
1089 0.016944046761434302
1090 0.029072021753643443
1091 0.023295843673414432
1092 9.961675773021889E-8
1093 0.008663569803039407
1094 0.021756167065936166
1095 0.0132845919606288
1096 0.011166640074526618
1099 0.034654511651259
1100 0.015594604955634847
1101 0.007893233415511625
1102 0.0034664307299102468
1103 0.029457007316684828
1105 0.0011564841460760212
1110 0.03407789665193058
1118 0.018674356637622295
8211 0.010781090016524759
8217 3.320558591007296E-8
8220 9.961675773021889E-8
8221 9.961675773021889E-8
8230 1.9249278152069297E-4
