10 0.008602853821396408
13 0.008602853821396408
32 0.17086081067636902
33 0.002040653008962868
34 0.010283290653008963
39 0.007122279129321383
40 2.0188094902780595E-8
41 2.0188094902780595E-8
44 0.013364639954210172
45 0.004321443406794311
46 0.010563622538828973
58 8.002560819462228E-5
59 9.202944942381563E-4
63 0.0015204865556978234
65 0.002680898250709652
66 0.0012804097311139564
67 4.4014084507042255E-4
68 4.4014084507042255E-4
69 5.60179257362356E-4
70 0.0012403969270166453
71 2.000640204865557E-4
72 0.0010403329065300896
73 0.004201384806407475
74 4.001280409731114E-4
75 2.80089628681178E-4
76 4.4014084507042255E-4
77 0.001320483099495976
78 5.60179257362356E-4
79 5.202068294548503E-4
80 3.201428089682947E-4
82 2.4007682458386683E-4
83 0.001200384122919334
84 0.0022407775937341324
87 0.0019606475888631486
89 7.202304737516005E-4
90 4.001280409731114E-5
95 1.6005121638924455E-4
97 0.060742707091092564
98 0.010563683103113683
99 0.016966519094384673
100 0.03885372481656289
101 0.09639397422513246
102 0.015285476619925036
103 0.016365862706742243
104 0.04853674265573258
105 0.044016648395094914
106 8.002762700411255E-4
107 0.007682862148581794
108 0.030890974920248948
109 0.016566047855798214
110 0.05133887041633343
111 0.05349966277806274
112 0.011764410423646364
113 6.402048655569782E-4
114 0.04573653276414749
115 0.046777814511138015
116 0.06382403620419887
117 0.02064737406181885
118 0.0068825455023508635
119 0.01700584550325529
120 8.402688860435339E-4
121 0.01580558250890537
122 8.003973986105423E-4
124 4.001280409731114E-5
8217 8.075237961112238E-8
8220 4.037618980556119E-8
8221 4.037618980556119E-8
