10 0.009009009009009009
13 0.009009009009009009
32 0.17584250917584252
33 0.004004004004004004
44 0.01868535201868535
45 0.001668335001668335
46 0.010677344010677344
58 0.002335669002335669
63 0.002669336002669336
1040 3.33667000333667E-4
1041 3.33667000333667E-4
1042 6.67334000667334E-4
1043 6.67334000667334E-4
1044 0.001001001001001001
1045 6.67334000667334E-4
1046 3.33667000333667E-4
1047 0.001001001001001001
1048 6.67334000667334E-4
1050 0.003670337003670337
1052 3.33667000333667E-4
1053 0.001334668001334668
1055 0.007340674007340674
1057 3.33667000333667E-4
1058 0.001668335001668335
1061 6.67334000667334E-4
1063 6.67334000667334E-4
1072 0.0970970970970971
1073 0.012679346012679346
1074 0.02135468802135469
1075 0.021021021021021023
1076 0.029362696029362697
1077 0.05905905905905906
1078 0.007007007007007007
1079 0.012679346012679346
1080 0.06172839506172839
1081 0.005005005005005005
1082 0.027360694027360695
1083 0.03670337003670337
1084 0.019352686019352687
1085 0.032699366032699365
1086 0.07941274607941275
1087 0.02135468802135469
1088 0.03203203203203203
1089 0.029362696029362697
1090 0.05238571905238572
1091 0.016349683016349682
1093 0.002669336002669336
1094 0.001001001001001001
1095 0.012012012012012012
1096 0.00667334000667334
1097 0.006339673006339673
1098 0.01568234901568235
1102 3.33667000333667E-4
1103 0.01568234901568235
8211 0.008675342008675343
8220 6.67334000667334E-4
8221 6.67334000667334E-4
